precision:	1	0.5	0.666666666666667	0.75	

MAP:	0.805555555555555

NDCG:	0.333333333333333	0.25	0.352181924658575	0.676090962329288	

