precision:	0.333333333333333	0.5	0.666666666666667	0.583333333333333	

MAP:	0.657407407407407

NDCG:	0.333333333333333	0.416666666666667	0.751865603550967	0.577545578768338	

