precision:	0.333333333333333	0.5	0.666666666666667	0.75	

MAP:	0.685185185185185

NDCG:	0.333333333333333	0.583333333333333	0.752419318910484	0.830075878651674	

