precision:	0.1	0.1	0.0666666666666667	0.05	0.04	0.0333333333333333	0.0428571428571429	0.0375	0.0444444444444444	0.04	0.0363636363636364	0.05	0.0692307692307692	0.0642857142857143	0.06	0.05625	

MAP:	0.0813168790455951

NDCG:	0.1	0.1	0.0760187533431869	0.0638787886479598	0.0561544377732289	0.0506526708213106	0.0547361170325966	0.0508022287697525	0.0539354234840414	0.053523446976937	0.0531699560395461	0.0629615484216532	0.0785317767359256	0.0781009544623694	0.0777140418192422	0.0773640024136509	

