precision:	0.1	0.1	0.0666666666666667	0.075	0.06	0.05	0.0571428571428571	0.05	0.0444444444444444	0.05	0.0545454545454545	0.0583333333333333	0.0538461538461539	0.0571428571428571	0.06	0.06875	

MAP:	0.0897413577269692

NDCG:	0.1	0.1	0.0760187533431869	0.0798484858099498	0.0701930472165361	0.0633158385266383	0.0663514192292975	0.0615827384481281	0.0576607983729549	0.0628115163322267	0.0675297555553891	0.0724791110953133	0.0718780245505692	0.0763413709793512	0.101456501030614	0.109423067749837	

