precision:	0.0666666666666667	0.0666666666666667	0.0555555555555556	0.0583333333333333	0.0466666666666667	0.0388888888888889	0.0333333333333333	0.0291666666666667	0.0296296296296296	0.0266666666666667	0.0242424242424242	0.0222222222222222	0.0230769230769231	0.0261904761904762	0.0266666666666667	0.025	

MAP:	0.0964598136149814

NDCG:	0.0666666666666667	0.0833333333333333	0.0873302077761355	0.09467676761267	0.0912897301887775	0.0908312496094509	0.0904819611065754	0.0902036969338003	0.100490338042542	0.100297577330044	0.100132181576212	0.0999881473299546	0.101930350689468	0.106104208128761	0.108086228000653	0.108086228000653	

