precision:	0.133333333333333	0.116666666666667	0.111111111111111	0.116666666666667	0.1	0.0888888888888889	0.0809523809523809	0.075	0.0703703703703704	0.07	0.0636363636363636	0.0694444444444444	0.0692307692307692	0.0666666666666667	0.0622222222222222	0.0583333333333333	

MAP:	0.083218600428419

NDCG:	0.133333333333333	0.116666666666667	0.112669792223864	0.121028015785001	0.114253940937216	0.113986154021907	0.112327028952846	0.111356400695389	0.111676504560889	0.114146615719077	0.112409580941535	0.117972595198219	0.123145319632119	0.124172618251827	0.124172618251827	0.124172618251827	

