precision:	0.6	0.5	0.433333333333333	0.35	0.36	0.366666666666667	0.328571428571429	0.325	0.3	0.27	0.245454545454545	0.241666666666667	0.223076923076923	0.221428571428571	0.206666666666667	0.2	

MAP:	0.193955080070161

NDCG:	0.6	0.5	0.452037506686374	0.39581818297194	0.400186032087569	0.403297088059139	0.380842487884655	0.377327819395099	0.361700084699918	0.34529570538684	0.331220146900624	0.328544050456262	0.31807609931079	0.318823225001351	0.313353888893326	0.31204938595365	

