precision:	0.619047619047619	0.619047619047619	0.587301587301587	0.563492063492063	0.536507936507937	0.526455026455026	0.514739229024943	0.501984126984127	0.499118165784833	0.496825396825397	0.494949494949495	0.492063492063492	0.483516483516484	0.472789115646258	0.46984126984127	0.466269841269841	

MAP:	0.468627014840134

NDCG:	0.481481481481481	0.456349206349206	0.442203155478242	0.431128332981149	0.41913514234832	0.41860095182931	0.420439329309695	0.416778387407793	0.418292739354713	0.42042776713238	0.422029065659164	0.424177633974414	0.421827811141475	0.418573555278053	0.41957002262917	0.419378597237921	

