precision:	0.590909090909091	0.5	0.5	0.488636363636364	0.436363636363636	0.424242424242424	0.396103896103896	0.380681818181818	0.373737373737374	0.368181818181818	0.359504132231405	0.352272727272727	0.34965034965035	0.334415584415584	0.324242424242424	0.318181818181818	

MAP:	0.347817808751638

NDCG:	0.439393939393939	0.378787878787879	0.407164600795767	0.403610227481855	0.384726088944283	0.387351492129021	0.377851787422962	0.368424686784099	0.37462418057658	0.376861674986472	0.375243670264724	0.37202698613099	0.375012831110715	0.370017291850605	0.370250015706694	0.372249012782282	

